1618675
1618677
1618683
1618687
1618689
1618691
1618693
1618695
1618697
1618699
1618701
1618703
1618709
1618711
1618714
1618716
1618719
1618723
1618725
1618729
1618731
1618734
1618736
1618738
1618740
1618742
1618744
1618746
1618748
1618750
1618752
1618754
1618765
1618767
1618770
1618772
1618775
1618777
1618781
1619799
1620989
1621006
1621057
1621087
1621109
1621123
1621136
1621170
1621186
1621199
1621334
1621362
1621427
1621431
1622789
1622805
1622830
1622841
1625171
1625920
1625955
1625986
1626006
1626037
1626049
1627917
1628902
1628980
1629033
1629276
1629320
1629340
1629348
1629367
1629442
1629461
1629475
1629487
1629506
1629513
1629522
1629538
1629551
1629559
1629567
1629578
1629584
1629781
1629785
1629791
1629803
1629812
1629825
1629833
1629852
1629861
1630527
1630529
1630531
1630533
1630537
1630539
1630543
1630546
1630548
1630550
1630552
1630554
1630556
1630561
1630565
1630567
1630570
1630581
1630584
1630586
1630671
1630675
1630703
1630949
1630955
1630962
1630974
1631078
1631098
1631140
1631149
1631186
1631409
1631413
1631480
1631482
1631493
1631507
1631602
1631608
1631631
1631634
1631654
1631663
1631678
1631690
1631698
1631709
1631722
1631731
1631744
1631749
1631753
1632424
1632427
1632550
1632564
1632574
1632640
1632655
1632664
1632675
1632685
1632695
1632726
1632756
1632792
1633041
1633065
1633089
1633095
1633105
1633113
1633630
1633647
1633678
1633685
1633708
1633714
1633729
1633735
1633747
1633752
1633759
1633771
1633783
1633796
1633812
1633831
1633846
1635112
1635467
1635489
1635504
1635553
1635566
1635584
1635588
1635602
1635619
1635630
1635634
1635639
1635815
1635825
1635858
1635864
1635871
1635883
1635891
1635900
1636066
1636072
1636084
1636090
1636824
1636833
1636859
1636870
1636887
1636907
1636920
1636924
1636935
1636941
1636955
1636961
1637269
1637274
1637288
1637293
1637319
1637330
1637342
1637356
1637367
1638438
1638880
1638885
1638893
1638898
1638904
1638908
1638915
1638917
1638921
1638968
1638974
1638982
1638987
1638993
1649298
1649300
1649307
1649309
1649313
1649316
1649318
1649320
1649322
1649324
1649326
1649329
1649335
1649337
1649339
1649395
1655039
1656723
1769294
1802716
1805182
1808200
1816286
1855560
1858464
1958182
1977307
1982717
1989608
2006365
2009338
2039059
2101522
2108953
2240831
2275378
2285423
2294715
2298930
2311407
2347822
2361880
2364629
2380858
2382623
2384364
2411210
2530813
2537495
2561134
2562359
2570949
2591353
2599239
2601078
2665993
2677750
2698416
2772430
2791320
2804293
2813927
2825412
2834755
2847320
2847595
2858984
2862583
2875523
2881834
2905591
2910409
2921744
2928709
2935170
2938313
2941048
2949885
2972648
2997885
3004954
3011622
3027304
3033563
3038528
3055748
3069620
3092566
3119566
3146465
3148990
3157562
3159347
3167259
3171307
3176122
3178468
3181261
3181982
3183164
3204427
3212561
3215760
3221208
3239938
3244745
3247606
3259494
3270451
3275464
3277084
3290404
3293960
3304674
3326654
3328152
3334151
3336001
3361073
3366125
3367808
3389044
3394330
3403814
3406058
3413621
3417904
3426648
3435305
3441780
3449329
3459888
articles.txt
